Habitat	Hab_Ordinal	Ar4EP	Ar5EP	He7EH	He8EH	Ar17EP	Ar39EP	Co46EH	Ar50EP	Mi144ES	Ar179EP	Ar208EP	Co222EP	Co244EH	Co300EF	Ar312EP	Co346EP	Ar421EP	He496EH	Ar526EP	Co540ES	Le116EH	Le176EH	Le19EH	Le203EH	Le310EH	Tr432EP	Le90EH	Ar2NP	Ar3NP	Op6NP	Th13NF	Co15NP	Ar20NP	Co23NP	Ge26NP	Li27NP	Op33NP	Co41NP	He44NH	Sy47NS	Bl59NS	Co78NH	Co79NP	Co82NP	Co87NP	Co88NP	Co98NP	He101NH	He118NH	He124NH	He157NH	He159NH	Ps218NS	He230NP	He232NH	Sc243NP	He248NP	He254NH	Co262NP	Co303NP	Co343NP	Co377NP	Co385NP	Co395NH	Co475NP	Co504NS	Ar516NP	Co541NS	Co551NP	Co646NP	Co661NS	Co685NP	Co734NH	Co771NP	He890NH	He926NH	Co985NP	Li1006NP	Le1038NH	Le10NH	Le220NH	Le252NH	Le269NH	Le345NH	Le485NH	Le892NH	Ju9IH	Co16IF	Ar21IP	Ar22IP	Ar24IP	Ar28IP	Co31IH	Co32IP	Ar34IP	Ps36IS	Po37IS	Ps38IP	Co40IS	Co45IP	Ju48IS	Co51IP	Co52IP	Ju53IS	De56IP	Co57IP	He60IH	Co61IS	Ju62IS	Co65IP	Co66IP	Po71IS	Co72IS	Co74IPol	Co89IP	Ps103IP	Co108IP	Co113IF	Co120IH	Ps121IS	Or123IS	Ar127IP	Th135IH	Ar140IP	Co143IS	Co145IS	Co161IP	Co193IP	Po214IS	Co225IH	Co231IS	Ar233IP	Ar234IP	Ar235IP	Co237IH	Or245IS	Ar246IP	Co247IP	Ar249IP	Ar250IP	Ar260IP	Co264IP	Co265IP	Co266IH	Co268IS	Co271IP	Co277IH	Ju282IS	He289IH	Co292IS	Co308IS	Ju309IS	He320IH	Ar330IP	Ar333IP	He335IH	Sc336IP	Co342IS	Co344IH	De352IP	Th359IH	Co363IH	Co386IH	Co462IS	Ar488IP	Ar489IP	Co523IH	Co569IP	Ar653IP	Co673IH	Co682IS	Ar697IP	Co748IH	Ar761IP	Co767IP	Co769IS	Co772IS	Co777IS	He818IH	Co828IS	Co885IP	Co935IH	Co949IH	Co963IS	Co974IH	Co980IS	Co981IS	Ar998IP	Co1003IP	Co1005IS	Ar1014IP	Co1040IS	Co1043IP	Le1015IH	Le1IH	Le372IH	Le410IH	Le440IH	Le731IH	Le797IH	Le96IH	Le982IH
NAT	1	2	13	0	1	1	0	0	0	0	0	0	0	0	0	0	0	0	0	0	0	0	0	7	1	0	0	0	39	0	12	0	0	0	0	0	31	0	4	0	0	0	0	0	1	0	0	0	0	0	1	0	0	0	0	0	0	0	0	0	0	0	0	0	0	0	0	0	0	0	0	0	0	0	0	0	0	0	0	0	0	0	0	0	0	0	0	6	0	0	2	0	1	0	0	0	0	1	4	0	0	0	0	0	0	0	0	0	0	0	0	0	0	0	0	0	0	0	0	1	0	0	0	0	0	0	0	0	0	0	0	0	0	0	0	0	0	0	0	0	0	0	0	0	0	0	0	0	10	0	0	0	0	0	0	0	0	0	0	0	0	0	0	0	0	0	0	0	0	0	0	0	0	0	0	0	0	0	0	0	0	0	0	0	0	0	0	0	0	0	0	0	0	0	0	19	0	0	0	0	0	0	0
NAT	1	1	2	1	6	4	0	0	0	1	0	0	0	0	0	0	0	0	0	0	0	0	1	8	0	0	2	0	21	0	1	0	0	0	0	1	60	0	3	1	0	2	0	0	0	0	0	0	0	0	0	0	0	0	0	0	0	0	2	0	0	0	0	0	0	0	0	0	0	0	0	0	0	0	0	0	0	0	0	0	0	0	0	0	0	0	0	13	0	5	0	0	2	0	0	0	0	1	0	0	0	0	0	0	0	0	0	0	0	0	0	0	0	0	0	0	0	0	0	0	0	0	0	0	0	0	0	0	0	0	0	0	0	0	0	0	0	0	0	0	0	0	0	0	0	0	0	0	2	0	0	0	0	0	0	0	0	0	0	0	0	0	0	0	0	0	0	0	0	0	0	0	0	0	0	0	0	0	0	0	0	0	0	0	0	0	0	0	0	0	0	0	0	0	0	9	0	10	0	0	0	0	0
NAT	1	1	2	2	15	0	0	9	0	0	0	0	0	0	0	0	0	0	0	1	0	2	0	8	0	0	11	1	26	1	20	0	0	0	0	1	104	0	10	0	0	0	0	0	0	0	0	0	0	0	0	0	0	0	0	0	1	0	0	0	0	0	0	0	0	0	0	0	0	0	0	0	0	0	0	0	0	0	0	0	0	0	3	0	0	0	0	5	0	1	0	0	2	0	0	0	0	1	6	0	0	0	0	0	0	0	0	0	0	0	0	0	0	0	0	0	0	0	0	0	0	0	0	0	1	0	0	0	0	0	0	0	0	0	0	0	0	0	0	1	0	0	0	0	0	0	0	0	2	0	0	0	1	0	0	0	0	0	0	0	0	0	0	0	0	0	0	0	0	0	0	0	0	0	0	0	0	0	0	0	0	0	0	0	0	0	0	0	0	0	0	0	0	0	0	11	0	0	2	0	0	0	0
NAT	1	1	10	0	13	5	0	10	6	0	0	0	0	0	0	0	5	0	0	0	0	1	0	10	0	0	1	0	44	0	1	0	0	0	0	0	79	0	6	0	0	0	0	0	0	15	0	0	0	0	0	0	0	0	0	0	0	0	0	0	1	0	1	0	0	0	0	0	0	0	0	0	0	0	0	0	0	0	0	0	0	0	6	0	0	0	0	0	0	1	0	0	3	0	0	0	0	0	10	2	0	0	38	0	0	0	35	7	0	0	0	0	0	0	0	0	0	0	0	0	0	0	0	0	0	0	0	0	0	0	0	0	0	0	0	0	0	0	1	1	0	0	0	0	0	0	5	0	9	0	0	0	0	0	0	0	0	0	0	0	0	0	0	0	0	0	0	0	0	0	0	0	0	0	0	0	0	0	0	0	0	0	0	0	0	0	0	0	0	0	0	0	0	0	0	36	16	0	4	0	0	0	0
NAT	1	0	2	3	9	0	1	14	2	3	2	0	0	0	0	0	0	0	0	0	0	0	2	4	0	0	0	0	68	0	2	0	0	4	0	3	409	0	34	0	0	0	0	0	1	0	0	0	0	0	0	0	0	0	0	0	0	0	0	0	0	0	0	0	0	0	0	0	0	0	0	0	0	0	0	0	0	0	0	0	0	0	6	0	0	0	0	37	0	3	1	0	5	0	0	0	0	3	19	0	0	0	0	0	0	0	0	1	0	0	0	0	0	0	0	0	1	0	0	0	0	0	0	0	0	0	0	0	0	0	0	0	0	0	0	0	0	0	0	0	0	0	0	0	0	0	0	0	6	0	0	0	0	0	0	0	1	0	0	0	0	0	0	0	0	0	0	0	0	0	0	0	0	0	0	0	0	0	0	0	0	0	0	0	0	0	0	0	0	0	0	0	0	0	0	8	1	4	1	0	0	0	0
NAT	1	1	7	1	4	37	2	6	2	0	0	1	3	2	0	4	99	2	0	0	0	1	0	0	0	0	0	0	36	0	0	0	0	4	0	0	93	0	4	0	0	0	0	0	0	0	0	0	0	0	0	0	0	0	0	0	0	0	27	0	0	0	0	0	0	0	0	0	0	0	0	0	0	0	0	0	0	0	0	0	0	0	1	0	0	0	1	40	0	15	1	0	0	0	0	0	0	0	1	0	0	0	1	0	0	0	0	0	0	0	0	0	0	0	0	0	0	0	0	0	0	0	0	0	0	0	0	0	0	0	0	0	0	0	0	0	0	0	0	0	0	0	0	0	0	0	0	0	11	0	0	0	0	1	0	0	0	0	0	0	0	0	0	0	0	0	0	0	0	0	0	0	0	0	0	0	0	0	0	0	0	0	0	0	0	0	0	0	0	0	0	0	0	0	0	4	0	11	0	0	0	0	0
NAT	1	0	0	1	17	0	0	18	2	1	1	0	0	0	0	0	0	0	0	0	0	0	0	0	0	0	0	0	54	0	4	0	0	5	0	1	82	0	40	0	0	2	0	0	0	0	0	0	0	0	1	0	0	0	0	0	1	0	0	0	0	0	0	0	0	1	0	0	0	0	0	0	0	0	0	0	2	0	0	0	0	0	0	0	0	0	0	33	0	0	1	0	0	0	0	0	0	0	2	0	0	0	0	0	0	0	0	5	0	0	0	0	0	0	0	0	3	0	0	0	0	0	0	0	0	0	0	0	0	0	0	0	0	0	0	0	0	0	0	0	0	0	0	0	0	0	0	0	2	0	0	1	0	0	0	0	0	0	0	0	0	0	0	0	0	0	0	0	0	0	0	0	0	0	0	0	0	0	0	0	0	0	0	0	0	0	0	0	0	0	0	0	0	0	0	15	0	0	0	0	0	0	0
NAT	1	0	5	3	3	21	2	0	0	0	0	0	0	0	0	0	0	3	0	0	0	0	0	0	0	0	0	0	8	4	1	1	0	0	0	0	3	0	2	1	0	0	0	0	0	0	0	0	0	0	0	0	0	0	0	0	0	0	1	0	0	0	0	0	0	0	0	0	0	0	0	0	0	0	0	0	0	0	0	0	0	0	0	0	0	0	0	8	0	0	0	0	1	0	0	0	0	0	3	0	0	0	1	0	0	0	0	0	0	0	0	0	0	0	0	0	0	0	0	0	0	0	0	0	0	0	0	0	0	0	0	0	0	0	0	0	0	0	0	0	0	0	0	0	0	0	0	0	3	1	0	0	0	1	0	0	0	0	0	0	0	0	0	0	0	0	0	0	0	0	0	0	0	0	0	0	0	0	0	0	0	0	0	0	0	0	0	0	0	0	0	0	0	0	0	0	0	1	0	0	0	0	0
NAT	1	0	0	4	4	1	1	0	1	0	0	0	0	0	0	0	0	1	0	0	0	0	0	4	0	0	1	0	21	3	1	0	0	3	0	0	21	0	3	2	0	2	0	0	0	0	0	0	0	0	0	0	0	0	0	0	0	0	1	0	0	0	0	0	0	0	0	0	0	0	0	0	0	0	0	0	0	0	0	0	1	0	3	0	0	0	0	31	0	0	0	0	2	0	0	0	0	1	1	0	0	0	0	0	0	0	0	0	0	0	0	0	0	0	0	0	0	0	0	0	0	0	0	0	0	0	0	0	0	1	0	0	0	0	0	0	0	0	0	0	0	0	0	0	0	0	0	0	4	0	0	0	0	0	0	0	0	0	0	0	0	0	0	0	0	0	0	0	0	1	0	0	0	0	0	0	0	0	0	0	0	0	0	0	0	0	0	0	0	0	0	0	0	0	0	9	0	1	0	0	0	0	0
EXO	2	0	0	0	0	53	0	0	2	0	0	0	0	0	0	0	0	0	0	0	0	0	0	5	0	0	0	0	2	0	10	0	0	1	0	0	124	0	5	0	0	0	0	0	0	0	0	0	0	0	0	0	0	0	0	0	1	0	1	0	0	0	0	0	0	0	0	0	0	0	0	0	0	0	0	0	5	0	0	0	2	0	0	0	0	0	0	2	0	3	9	0	21	1	0	0	0	0	6	0	0	0	0	0	0	0	0	0	0	0	0	0	0	0	0	0	0	0	0	1	0	0	0	0	0	0	0	0	0	0	0	0	0	0	0	0	0	0	0	0	0	0	0	0	0	0	0	0	3	0	0	3	0	0	0	0	0	0	0	0	0	0	0	0	0	0	0	0	0	0	0	0	0	0	0	0	0	0	0	0	0	0	0	0	0	0	0	0	0	0	0	0	0	0	0	0	0	0	0	0	0	0	0
EXO	2	0	0	0	1	6	0	0	0	0	0	0	0	0	0	0	0	0	0	0	0	0	0	0	0	1	0	0	1	0	27	1	0	1	0	0	43	4	2	0	0	1	1	0	0	0	0	0	0	0	0	0	0	0	0	0	0	0	0	0	0	0	0	0	0	0	0	0	0	0	0	0	0	0	0	0	6	0	0	0	1	0	0	0	0	0	0	14	0	9	3	0	8	0	0	0	0	5	0	0	0	0	0	0	0	0	0	0	1	0	0	0	0	0	0	0	0	0	0	0	0	0	0	0	0	0	0	0	0	0	0	0	6	4	0	0	0	0	0	0	0	0	0	0	0	0	0	0	0	0	0	0	0	0	0	0	0	0	0	0	0	0	0	0	0	0	0	1	0	0	0	0	0	0	0	0	0	0	0	0	0	0	0	0	0	0	0	0	0	0	0	0	0	0	0	2	0	0	0	0	0	0	0
EXO	2	0	0	0	0	0	0	0	1	0	0	0	0	0	0	0	0	0	0	0	0	1	0	0	0	0	0	0	5	0	43	0	0	0	0	0	18	0	11	0	0	1	0	0	1	0	6	0	0	0	0	0	0	0	0	0	0	0	0	0	0	0	0	0	0	0	0	0	0	0	0	0	0	0	0	0	0	0	0	0	0	0	0	0	0	0	0	1	0	1	0	0	2	0	0	0	0	0	6	0	0	0	0	0	0	0	0	0	1	0	0	0	0	0	0	0	0	0	0	0	0	0	0	0	2	0	0	0	0	0	0	0	0	0	0	0	0	0	0	0	0	0	0	0	0	0	0	0	0	0	0	10	0	0	0	0	0	0	0	0	0	0	0	0	0	0	0	0	0	0	0	0	1	0	0	0	0	0	0	0	0	0	0	0	0	0	0	0	0	0	0	0	0	0	0	3	0	0	0	0	0	0	0
EXO	2	0	0	0	0	10	0	0	0	0	0	0	0	0	0	0	0	0	0	0	0	0	0	0	0	0	0	0	0	0	40	0	0	1	0	1	15	0	7	0	0	1	0	0	0	0	0	0	0	0	0	0	0	0	0	0	0	0	0	0	0	0	0	0	0	0	0	0	0	0	0	0	0	0	0	0	0	1	0	0	1	0	0	0	0	0	0	8	1	0	0	0	8	0	0	0	0	0	5	0	0	0	0	0	10	0	0	0	5	0	0	0	0	0	0	0	0	0	0	0	0	0	0	0	0	0	0	0	0	0	0	0	0	0	0	0	2	0	0	0	0	0	0	0	0	0	0	0	0	0	0	34	0	0	0	0	0	0	0	0	0	0	0	0	0	0	0	0	0	0	0	0	0	0	0	0	0	0	0	0	0	0	0	0	0	0	0	0	0	0	0	0	0	0	0	2	0	0	0	0	0	0	0
EXO	2	0	0	0	0	0	0	0	0	0	0	0	0	0	1	0	0	0	0	0	0	0	0	0	0	0	0	0	0	0	41	0	1	0	0	0	1	1	2	0	0	0	0	0	0	0	0	0	0	0	0	0	0	0	0	0	0	0	0	0	0	0	0	0	0	0	0	0	0	0	0	0	0	0	0	0	0	0	0	0	0	0	0	0	0	0	0	24	0	1	0	0	0	0	2	0	0	17	5	0	0	425	18	0	0	0	0	0	0	9	0	0	0	0	0	0	0	0	0	0	0	0	0	0	0	0	0	0	0	0	0	0	0	0	0	0	0	0	0	0	0	0	15	0	0	0	0	0	3	0	0	0	0	0	0	0	0	0	0	0	0	0	0	0	0	0	0	0	0	0	0	0	0	0	0	0	0	0	0	0	0	0	0	0	0	0	0	0	0	0	0	0	0	0	0	1	0	0	0	0	0	0	0
EXO	2	0	0	0	0	0	0	0	0	0	0	0	0	0	0	0	0	0	0	0	0	0	0	0	0	0	0	0	9	0	51	1	0	0	0	0	0	7	0	0	0	1	0	0	0	0	0	0	0	0	0	0	0	0	0	0	0	0	0	0	0	0	0	0	0	0	0	2	0	0	0	0	0	0	0	0	0	0	0	0	0	0	0	0	0	0	0	29	0	26	0	0	0	0	0	0	0	3	0	0	0	0	0	0	3	0	3	0	0	1	0	0	1	0	0	0	3	0	0	0	0	0	1	0	0	0	0	0	0	0	0	0	0	0	0	0	0	0	0	0	0	0	156	0	0	0	0	0	0	0	0	10	0	0	0	0	0	0	0	0	0	0	0	0	113	3	0	0	0	0	0	0	0	0	0	0	0	0	0	0	0	0	0	0	0	0	0	0	0	0	0	0	0	0	0	0	0	0	0	0	0	0	0
EXO	2	2	2	0	2	1	0	0	0	0	0	0	0	0	0	0	0	0	0	0	0	0	0	2	0	0	0	0	56	0	16	0	6	5	1	0	62	2	0	0	0	0	0	0	0	0	0	0	0	0	0	0	0	0	0	0	0	0	0	0	0	0	0	0	0	0	0	0	0	0	0	0	0	0	0	0	0	0	0	0	0	0	0	0	0	0	0	54	0	18	4	1	0	1	1	1	1	1	0	0	0	0	0	0	0	0	0	0	0	0	0	0	0	0	0	0	0	0	0	0	0	0	0	0	1	0	0	0	0	0	0	0	0	0	0	0	0	0	0	0	0	0	0	0	0	0	0	0	0	0	0	0	0	0	0	0	0	0	0	0	0	0	0	0	0	0	0	0	0	0	0	0	0	0	0	0	0	0	0	0	0	0	0	0	0	0	0	0	0	0	0	0	0	0	0	0	0	0	0	0	0	0	0
EXO	2	0	2	0	0	1	0	1	0	0	0	0	0	0	0	0	0	0	0	0	0	0	0	0	0	0	0	0	44	0	27	0	1	0	0	0	49	0	0	0	1	0	0	0	0	0	0	0	0	0	0	0	0	0	0	0	0	0	0	0	0	0	0	0	0	0	0	0	0	0	0	0	0	0	0	0	0	0	0	0	0	0	0	0	0	0	0	16	1	1	0	2	0	1	0	0	0	0	0	0	1	0	0	0	0	0	0	0	0	0	0	0	0	0	0	0	0	0	0	0	0	0	0	0	3	0	0	0	0	0	0	0	0	0	0	0	0	0	0	0	0	0	0	0	0	0	0	0	0	0	0	0	0	0	0	0	0	0	0	0	0	0	0	0	0	0	0	0	0	0	0	0	0	0	0	0	0	0	0	0	0	0	0	0	0	0	0	0	0	0	0	0	0	0	0	0	0	0	0	0	0	0	0
EXO	2	0	0	0	0	0	0	0	0	0	0	0	0	0	0	0	0	0	0	0	0	0	0	0	0	0	0	0	8	0	35	0	0	0	0	0	1	147	0	0	0	1	0	0	0	0	0	0	0	0	0	0	0	2	0	0	0	0	0	0	0	0	0	0	0	0	0	0	0	0	0	0	0	0	0	0	0	0	0	0	0	0	0	0	0	0	0	25	0	13	0	0	3	0	0	0	0	1	2	0	0	12	0	0	0	2	0	0	0	0	0	0	0	0	0	0	0	0	0	10	1	0	0	0	0	0	0	0	0	0	0	0	0	0	0	0	0	0	0	0	0	0	34	0	0	0	0	1	0	0	0	58	0	0	0	0	0	0	0	0	0	0	0	0	3	0	0	0	0	0	0	0	0	0	0	0	0	0	0	0	0	0	0	0	0	0	1	1	0	0	0	0	0	0	0	0	0	0	0	0	0	0	1
SEM	3	0	0	0	0	6	0	0	0	0	0	0	0	0	0	0	0	0	0	0	0	0	0	0	0	0	0	0	0	0	39	0	0	0	0	0	0	21	0	0	0	0	0	0	0	0	2	0	0	0	0	0	0	0	1	0	0	0	0	1	0	0	0	0	0	0	0	0	0	0	0	0	0	0	0	1	20	0	0	0	23	0	0	0	0	0	0	18	0	18	0	0	0	0	1	0	0	0	0	0	0	0	0	4	0	0	0	0	0	0	0	0	1	0	1	0	0	0	0	0	0	0	0	0	0	0	2	0	0	0	0	0	706	1	0	0	0	52	1	2	0	3	0	0	0	0	0	0	0	0	0	0	0	0	0	2	0	0	0	0	0	0	0	0	0	1	0	0	0	0	0	0	0	0	6	0	0	0	0	0	0	0	0	0	1	0	0	0	0	0	0	0	0	0	0	0	0	0	0	0	0	0	0
SEM	3	0	0	0	0	117	0	0	0	0	1	0	0	0	0	0	0	0	0	0	0	0	0	0	0	0	0	0	0	0	48	0	0	1	0	0	0	35	30	0	0	0	0	0	0	0	16	0	0	0	0	0	0	0	0	0	0	0	0	2	0	0	0	1	1	0	0	0	0	0	0	0	0	0	0	1	7	0	0	0	4	0	0	0	0	0	0	2	0	3	0	0	1	0	0	0	0	0	1	0	0	0	0	0	0	4	0	0	0	0	0	0	0	0	0	0	0	0	0	0	0	0	0	0	0	0	1	0	0	0	0	0	1038	7	0	0	0	12	1	0	0	0	0	1	0	0	0	0	0	0	0	0	0	0	0	0	0	0	0	0	10	0	0	0	0	0	0	0	0	0	0	0	0	1	2	1	0	0	0	1	0	0	3	0	0	0	0	0	0	0	0	0	0	0	0	0	0	0	0	0	0	0	0
SEM	3	0	0	0	0	0	0	0	0	0	0	0	0	0	0	0	0	0	0	0	0	0	0	0	0	0	0	0	3	0	25	0	0	1	0	0	0	5	0	0	0	0	0	0	0	0	0	1	0	0	0	0	0	0	16	0	0	1	0	4	0	0	0	1	0	0	0	0	0	0	0	0	0	0	0	0	2	0	110	0	0	0	0	0	0	0	0	0	0	6	0	33	0	0	21	0	0	1	0	0	4	0	0	2	0	0	0	0	0	0	0	9	0	0	0	0	0	0	0	0	0	0	0	0	0	0	0	0	1	0	0	0	763	16	0	5	1	43	0	2	0	1	3	1	0	0	0	0	0	0	0	0	0	0	0	1	0	0	0	0	0	0	0	0	0	0	0	1	0	0	0	0	0	0	3	1	0	0	0	0	0	0	1	0	0	0	0	0	0	0	0	0	0	0	0	0	0	0	0	0	3	1	0
SEM	3	0	0	0	0	51	0	0	0	0	0	0	0	0	0	0	0	0	0	0	0	1	0	1	0	0	0	0	0	0	5	1	0	0	0	0	7	0	1	0	0	0	0	0	0	0	12	0	0	1	0	0	0	0	0	1	0	0	0	2	0	0	0	0	0	0	1	0	0	0	0	0	0	0	1	0	1	0	0	0	6	0	0	0	0	0	0	0	0	3	1	0	10	0	4	16	0	0	0	0	1	0	0	1	0	0	0	0	0	0	0	1	0	0	0	0	0	0	0	0	0	0	0	0	0	0	0	0	0	0	0	0	822	18	0	0	0	15	0	5	0	3	0	3	0	0	0	0	0	0	0	0	0	0	0	0	0	0	0	0	0	0	1	1	0	0	0	0	0	0	0	0	0	0	0	0	0	0	0	0	0	0	9	0	0	0	0	0	0	0	0	0	0	0	0	0	0	0	0	0	0	0	0
SEM	3	0	0	0	0	14	0	0	0	0	0	0	0	0	0	0	0	0	0	0	0	0	0	0	0	4	0	0	0	0	11	1	0	2	0	0	1	0	2	0	0	0	0	0	0	0	0	0	0	0	0	0	0	0	0	0	0	0	0	0	0	0	0	0	0	0	0	0	0	0	0	0	0	0	0	0	2	0	0	0	49	0	0	0	0	0	0	3	0	3	3	0	2	0	0	41	0	0	0	0	0	0	0	0	0	0	0	0	0	0	0	3	0	0	0	0	0	0	0	0	0	0	0	0	0	0	0	0	0	0	0	0	225	8	0	0	0	4	0	0	0	0	0	1	0	0	0	0	0	0	0	0	0	0	0	0	0	0	0	0	0	0	0	0	0	0	0	0	0	0	0	0	0	0	0	0	0	0	0	0	0	0	0	0	0	0	0	0	0	0	0	0	0	0	0	0	0	0	0	0	0	0	0
SEM	3	0	0	0	0	188	0	0	0	0	0	0	0	0	0	0	0	0	0	0	0	0	0	0	0	0	0	0	0	0	0	0	0	3	0	0	10	0	1	0	0	0	0	0	0	0	0	0	0	0	1	0	4	0	0	0	0	0	0	0	0	0	0	0	0	0	0	0	0	0	0	0	0	0	0	0	11	0	0	0	4	1	0	0	0	0	0	0	0	1	6	0	2	0	0	2	0	0	1	0	0	0	0	0	0	0	0	0	0	0	0	0	0	0	0	0	0	0	0	0	0	0	0	0	0	0	0	0	0	0	0	0	10	9	0	0	0	0	0	0	9	0	0	0	0	0	0	0	0	0	0	0	0	0	0	0	4	0	0	0	0	0	0	0	0	0	0	0	0	0	0	0	0	0	0	0	0	0	0	0	0	0	0	0	0	0	0	0	0	0	0	0	0	0	0	1	0	0	0	0	0	0	0
SEM	3	0	0	0	0	0	0	0	0	0	0	0	0	0	0	0	0	0	0	0	0	0	0	0	0	0	0	0	3	0	1	0	0	1	0	0	0	4	0	0	0	0	0	3	0	0	0	0	0	0	0	0	0	0	1	0	1	0	0	20	0	0	1	0	0	0	0	0	0	0	0	1	0	0	0	0	0	0	35	0	9	0	0	0	0	1	0	7	0	1	0	0	0	0	34	7	0	1	0	1	0	0	0	1	0	1	0	0	1	0	1	10	0	3	1	0	0	0	0	0	0	0	0	0	0	1	0	0	0	0	0	0	391	4	0	0	0	35	2	2	0	1	0	0	1	1	0	0	1	0	0	0	0	0	1	0	0	0	1	2	0	1	0	0	0	0	0	1	0	0	0	3	0	0	1	0	0	0	0	0	0	0	0	0	0	29	0	0	0	2	1	0	0	0	0	0	0	0	0	0	0	0	0
SEM	3	0	0	0	1	87	0	0	0	0	0	0	0	0	0	1	0	0	0	1	0	0	0	0	0	0	0	0	2	0	4	0	0	2	0	0	11	0	15	0	0	0	0	0	0	0	1	0	0	0	0	0	0	0	0	1	0	0	0	0	0	4	0	0	0	0	0	0	0	1	0	0	0	1	0	1	3	0	0	0	0	0	0	1	1	0	0	3	0	6	1	0	3	0	0	4	0	0	0	0	0	0	0	0	0	0	0	0	0	0	0	0	0	0	0	0	0	0	0	0	0	0	0	0	0	0	0	2	0	0	0	1	262	8	0	0	0	2	0	0	0	0	0	1	0	0	0	0	0	0	0	0	0	0	0	0	0	0	0	0	0	0	0	0	0	0	0	0	0	0	0	0	0	0	0	0	0	0	0	0	0	0	0	0	0	0	1	0	0	0	0	0	0	0	0	9	0	0	0	0	0	0	0
SEM	3	0	0	0	0	0	0	0	0	0	0	0	0	0	0	0	0	0	0	0	0	0	0	2	0	1	0	0	1	0	0	0	0	0	0	0	2	0	0	0	0	0	0	0	0	0	0	0	0	0	0	0	0	0	0	0	0	0	0	0	0	0	0	4	0	0	0	0	0	0	0	1	0	0	0	1	8	0	0	1	12	0	0	0	0	0	0	0	0	2	0	1	0	0	9	0	0	0	0	0	6	0	0	0	0	0	0	0	0	0	0	0	0	0	1	0	0	0	0	0	0	1	0	0	0	0	1	0	0	0	0	0	676	5	0	0	0	8	0	11	0	0	0	0	0	0	0	0	0	0	0	0	0	0	0	2	0	0	0	2	0	0	0	0	0	0	0	3	0	0	0	0	0	0	0	0	0	0	0	0	0	0	1	0	0	0	0	0	0	0	0	0	0	0	0	0	0	0	0	0	0	0	0
INT	4	0	0	0	0	14	0	0	0	0	0	0	0	0	0	0	0	0	0	0	49	0	0	0	0	0	0	0	0	0	7	0	0	0	0	0	0	0	0	0	0	0	0	0	0	0	0	0	0	0	0	0	0	0	6	0	0	0	0	4	0	0	0	0	1	0	0	0	50	0	0	1	0	0	0	23	0	0	1	0	14	0	0	0	0	0	0	0	0	7	0	0	1	0	0	8	0	0	0	0	2	0	0	1	0	1	0	0	1	0	1	5	0	0	6	0	0	0	52	0	0	7	0	0	0	0	1	0	0	0	6	0	205	18	0	0	1	85	2	2	0	18	0	0	17	0	0	0	0	0	7	4	0	0	50	4	0	0	0	0	2	0	0	0	0	0	0	0	0	0	0	0	0	0	32	3	0	0	0	0	0	0	0	0	0	2	1	0	8	0	0	0	0	0	0	0	0	0	0	0	0	0	0
INT	4	0	0	0	0	1	0	0	0	0	0	0	0	0	0	0	0	0	7	0	45	0	0	0	0	1	0	0	0	0	0	0	0	0	0	0	0	0	0	0	0	0	0	0	0	0	0	1	0	1	0	2	0	0	6	0	0	0	0	1	0	0	0	0	9	0	0	0	589	0	0	0	0	0	1	10	4	0	0	0	12	0	0	0	0	0	0	5	1	0	0	0	0	0	0	0	0	0	0	0	0	0	0	5	0	18	0	0	0	0	3	0	0	0	0	0	0	1	6	0	0	146	0	0	1	0	5	0	0	0	0	0	27	12	22	0	0	12	1	0	1	5	3	0	7	0	0	0	0	0	0	0	0	0	23	4	0	11	0	0	0	0	0	0	0	0	0	0	0	0	1	0	0	0	0	1	0	0	0	0	0	0	0	0	0	0	1	0	8	0	0	4	1	0	0	1	0	0	0	1	0	0	0
INT	4	0	0	0	0	9	0	0	0	0	0	0	0	0	0	0	0	0	0	0	145	0	0	0	0	0	0	0	0	0	0	0	0	0	0	0	0	0	0	0	0	0	0	0	0	0	0	0	0	0	0	0	0	0	0	1	0	0	0	3	0	0	0	0	1	0	0	0	3	0	0	2	0	0	0	1	0	0	5	0	1	0	0	0	0	0	0	0	0	4	0	1	2	0	0	0	0	0	0	0	0	0	0	4	0	6	0	0	0	0	2	5	0	1	14	0	0	0	3	0	0	0	0	0	0	0	0	9	0	0	0	2	888	69	0	0	0	30	0	5	0	10	0	2	1	0	0	0	0	0	0	1	0	0	3	10	0	0	0	6	7	0	1	0	0	0	0	2	0	0	0	0	0	0	2	0	0	1	0	0	0	1	105	0	0	0	0	0	0	0	0	0	0	0	0	0	0	0	0	0	0	0	0
INT	4	0	0	0	0	33	0	0	0	0	0	0	0	0	0	0	0	0	0	0	27	0	0	0	0	0	0	0	0	0	16	0	0	0	0	0	0	0	0	0	0	0	0	0	0	0	2	0	1	0	0	0	0	0	8	0	0	0	0	5	0	1	0	4	0	0	0	0	9	0	0	0	1	0	0	1	5	0	36	0	5	0	0	0	0	0	0	0	3	22	0	1	0	0	10	0	0	0	0	0	9	0	0	2	0	0	0	0	0	0	0	15	0	0	4	1	0	0	120	0	0	1	0	0	0	0	11	0	0	0	0	0	595	47	0	0	0	87	13	19	0	0	0	6	9	1	0	0	0	0	0	0	0	0	0	32	0	0	0	12	0	0	0	0	0	0	0	6	0	0	0	0	0	0	19	0	13	0	4	1	1	0	0	0	0	0	1	0	1	0	0	0	0	0	0	0	0	0	0	0	0	0	0
INT	4	0	0	0	0	6	0	0	0	0	0	0	0	0	0	0	0	0	0	0	77	0	0	0	0	1	0	0	0	0	0	0	0	0	0	0	0	0	0	0	0	0	0	0	0	0	0	0	0	0	0	0	0	0	1	0	0	0	0	0	1	0	0	1	0	0	0	0	46	0	1	0	0	0	2	16	2	0	5	0	1	0	0	0	0	0	0	0	0	3	0	0	0	0	0	0	0	0	0	0	0	0	0	4	0	25	0	0	0	0	0	2	0	0	0	0	0	0	3	0	0	0	0	0	0	0	1	2	0	0	0	3	507	38	0	0	0	62	1	0	0	3	0	0	2	0	0	0	0	0	0	0	0	0	11	4	0	0	0	14	0	0	0	0	0	0	0	0	0	0	0	0	0	0	9	1	1	0	0	0	0	0	18	5	0	0	0	0	1	0	0	0	0	0	0	0	0	0	0	0	0	0	0
INT	4	0	0	0	0	18	0	0	0	0	0	0	0	0	0	0	0	0	0	0	0	0	0	0	0	0	0	0	0	0	2	0	0	0	0	0	0	0	0	0	0	0	0	0	0	0	28	0	0	0	0	0	0	0	3	0	0	0	0	17	0	2	0	2	0	0	0	0	0	0	0	0	0	0	0	4	0	0	59	0	1	0	0	0	0	0	0	0	0	9	0	2	2	0	4	0	0	0	0	0	1	0	0	4	0	0	0	0	7	0	0	1	0	0	6	0	0	0	0	0	0	0	0	0	0	0	0	0	0	0	0	0	1081	23	0	0	1	45	0	0	0	2	0	4	2	0	0	0	0	0	0	0	0	0	0	1	0	0	0	0	0	0	0	0	0	0	0	0	0	0	0	0	0	0	3	0	0	0	0	0	0	0	1	0	0	0	0	0	0	0	0	0	0	1	0	0	0	0	0	0	0	0	0
INT	4	0	0	0	0	21	0	0	0	0	0	0	0	0	0	0	0	0	0	0	0	0	0	0	0	2	0	0	0	0	6	0	0	0	0	0	0	0	0	0	0	0	0	0	0	0	0	0	0	0	0	0	0	0	3	0	0	0	0	3	0	0	0	0	1	0	0	0	5	0	0	0	0	0	0	1	11	0	0	0	7	0	0	0	0	0	0	1	0	5	0	0	2	0	0	0	0	0	0	0	2	0	0	2	0	8	0	0	0	0	0	1	0	0	0	0	0	0	0	0	0	0	0	0	0	0	3	0	0	0	0	0	592	36	0	1	0	66	0	0	0	2	0	0	1	0	0	0	0	0	0	0	0	0	1	2	0	0	0	2	0	0	0	0	0	0	0	2	0	0	0	0	0	0	18	0	2	0	0	0	0	0	9	0	0	0	0	0	0	0	0	0	0	0	0	0	0	0	0	0	0	0	0
INT	4	0	0	0	0	4	0	0	0	0	0	0	0	0	0	0	0	0	0	0	142	0	0	0	0	2	0	0	0	0	0	0	0	0	0	0	5	0	0	0	0	0	0	0	0	0	0	0	0	0	0	0	0	0	0	0	0	0	0	0	0	0	0	0	0	0	0	0	4	0	0	0	0	0	0	12	0	0	12	0	2	0	0	0	0	0	0	0	0	0	0	0	1	0	0	0	0	0	0	0	0	0	0	2	0	23	0	0	0	0	3	2	0	0	0	0	0	0	9	0	0	2	0	0	0	2	4	44	0	0	0	0	462	64	0	0	0	46	1	0	0	5	0	1	2	1	0	0	0	0	0	0	0	0	12	5	0	0	0	7	0	0	0	0	0	0	0	0	0	0	0	0	0	0	2	1	40	0	0	2	0	0	22	0	1	0	0	0	2	0	0	0	0	0	0	0	0	0	0	0	0	0	0
INT	4	0	0	0	0	3	0	0	0	0	0	0	0	0	0	0	0	0	0	0	42	0	0	0	0	0	0	0	0	0	0	0	0	0	0	0	1	2	0	0	0	0	0	0	0	0	0	0	0	0	0	0	0	0	2	0	0	0	0	0	0	0	0	0	0	0	0	0	151	0	0	0	0	0	0	23	0	0	0	0	5	0	0	0	0	0	0	0	0	0	0	0	0	0	0	1	0	0	0	0	0	0	0	7	0	42	0	0	0	0	1	0	0	0	0	0	0	0	9	0	0	5	0	1	0	0	0	0	0	0	0	0	45	52	6	1	0	78	1	0	0	13	0	1	39	0	0	0	0	0	0	0	0	0	68	3	0	4	0	1	0	0	0	0	0	0	1	0	3	0	0	0	0	0	1	0	18	0	0	0	0	0	0	0	0	0	1	0	7	0	0	9	0	0	4	0	0	0	0	0	0	0	0